Loading data...
        [33, 26, 29, 27, 28, 32, 31, 30, 3, 4, 2, 1, 5, 11, 6, 7, 9, 10, 8, 15, 12, 13, 14, 25, 23, 21, 18, 17, 16, 19, 22, 24, 20]
        ['ADPT', 'EPL', 'FPL', 'EPB', 'FPB', 'APB', 'OP', 'APL', 'SUP', 'PT', 'BIC_SH', 'BIC_LO', 'PQ', 'PL', 'ECR_LO', 'ECR_BR', 'FCR', 'FCU', 'ECU', 'FDS2', 'FDS5', 'FDS4', 'FDS3', 'EIND', 'ED3', 'ED5', 'FDP3', 'FDP4', 'FDP5', 'FDP2', 'ED4', 'ED2', 'EDM']
        Expected clusters: [6, 6, 6, 6, 6, 6, 6, 6, 0, 1, 0, 0, 1, 3, 2, 2, 3, 3, 2, 4, 4, 4, 4, 5, 5, 5, 4, 4, 4, 4, 5, 5, 5]
        DOFs they cross: [[4, 3, 5], [1, 2, 4, 3, 5, 6], [2, 4, 3, 5, 6], [2, 4, 3, 5], [4, 3, 5], [4, 3, 5], [4, 3], [1, 2, 4, 3], [1], [1], [1], [1], [1], [1, 2], [1, 2], [1, 2], [1, 2], [1, 2], [1, 2], [2, 7, 8], [2, 7, 8], [2, 7, 8], [2, 7, 8], [2, 7, 8, 9], [2, 7, 8, 9], [2, 7, 8, 9], [2, 7, 8, 9], [2, 7, 8, 9], [2, 7, 8, 9], [2, 7, 8, 9], [2, 7, 8, 9], [2, 7, 8, 9], [2, 7, 8, 9]]
        Average dimensionality of muscles is 3.0
        Maximum dimensionality of muscles is 6
        DOFs that muscles cross: 1, 2, 3, 4, 5, 6, 7, 8, 9
        Enclosing supporting vector
        ['[1, 1, 1, 1, 1]', '[1, 1, 1, 1]', '[1, 1, 1, 2]', '[1, 1, 1]', '[1, 1, 2]', '[1, 1, 3]', '[1, 1]', '[1, 2, 2]', '[1, 2]', '[1, 3]', '[1, 4]', '[1]', '[2, 2]', '[2, 3]', '[2]', '[3]', '[4]', '[5]']
Generating parameter vectors and proximity matrix...
        ADPT      : 0.0000, 0.0000, 0.0000, 0.0043, 0.0670, 0.0949, 0.0179, 0.0544, 0.3534, 0.3984, 0.1704, 0.2301, 0.1135, 0.1403, 0.6038, 0.4338, 0.1722, 0.0511
        EPL       : 0.0000, 0.0000, 0.0000, 0.0000, 0.0000, 0.0000, 0.0228, 0.0000, 0.1596, 0.1089, 0.0455, 0.8836, 0.3023, 0.2408, 0.1482, 0.0547, 0.0629, 0.0311
        FPL       : 0.0000, 0.0000, 0.0000, 0.0000, 0.0000, 0.0000, 0.0170, 0.0000, 0.0475, 0.0200, 0.0032, 0.9434, 0.0194, 0.0076, 0.2519, 0.1506, 0.1219, 0.0745
        EPB       : 0.0000, 0.0000, 0.0000, 0.0000, 0.0000, 0.0000, 0.0173, 0.0000, 0.0606, 0.1117, 0.1043, 0.9067, 0.1182, 0.1769, 0.1053, 0.1729, 0.2322, 0.1021
        FPB       : 0.0000, 0.0000, 0.0000, 0.0000, 0.0000, 0.0000, 0.0284, 0.0000, 0.1664, 0.1579, 0.0660, 0.9529, 0.0402, 0.0322, 0.1177, 0.1148, 0.0647, 0.0201
        APB       : 0.0000, 0.0000, 0.0000, 0.0000, 0.0000, 0.0000, 0.0933, 0.0000, 0.5473, 0.3641, 0.2134, 0.6414, 0.0706, 0.1267, 0.2613, 0.0453, 0.0997, 0.0316
        OP        : 0.0000, 0.0000, 0.0000, 0.0000, 0.0000, 0.0000, 0.0962, 0.0000, 0.4483, 0.3978, 0.1937, 0.1124, 0.2480, 0.2471, 0.2460, 0.4906, 0.3864, 0.0913
        APL       : 0.0000, 0.0000, 0.0000, 0.0000, 0.0000, 0.0000, 0.0972, 0.0000, 0.5074, 0.5429, 0.2019, 0.0797, 0.3323, 0.2758, 0.1278, 0.2962, 0.2974, 0.1101
        SUP       : 0.0000, 0.0000, 0.0000, 0.0000, 0.0000, 0.0000, 0.0000, 0.0000, 0.0000, 0.0000, 0.0000, 0.9976, 0.0000, 0.0000, 0.0672, 0.0160, 0.0000, 0.0000
        PT        : 0.0000, 0.0000, 0.0000, 0.0000, 0.0000, 0.0000, 0.0000, 0.0000, 0.0000, 0.0000, 0.0000, 0.9915, 0.0000, 0.0000, 0.1019, 0.0802, 0.0065, 0.0000
        BIC_SH    : 0.0000, 0.0000, 0.0000, 0.0000, 0.0000, 0.0000, 0.0000, 0.0000, 0.0000, 0.0000, 0.0000, 0.8960, 0.0000, 0.0000, 0.4386, 0.0337, 0.0601, 0.0000
        BIC_LO    : 0.0000, 0.0000, 0.0000, 0.0000, 0.0000, 0.0000, 0.0000, 0.0000, 0.0000, 0.0000, 0.0000, 0.8881, 0.0000, 0.0000, 0.4544, 0.0165, 0.0673, 0.0000
        PQ        : 0.0000, 0.0000, 0.0000, 0.0000, 0.0000, 0.0000, 0.0000, 0.0000, 0.0000, 0.0000, 0.0000, 0.9739, 0.0000, 0.0000, 0.1907, 0.1130, 0.0486, 0.0000
        PL        : 0.0000, 0.0000, 0.0000, 0.0000, 0.0000, 0.0000, 0.0000, 0.0000, 0.0000, 0.0000, 0.0000, 0.9826, 0.0000, 0.0000, 0.1823, 0.0150, 0.0290, 0.0164
        ECR_LO    : 0.0000, 0.0000, 0.0000, 0.0000, 0.0000, 0.0000, 0.0000, 0.0000, 0.0000, 0.0000, 0.0000, 0.9566, 0.0000, 0.0000, 0.2897, 0.0243, 0.0154, 0.0134
        ECR_BR    : 0.0000, 0.0000, 0.0000, 0.0000, 0.0000, 0.0000, 0.0000, 0.0000, 0.0000, 0.0000, 0.0000, 0.9463, 0.0000, 0.0000, 0.3088, 0.0082, 0.0771, 0.0556
        FCR       : 0.0000, 0.0000, 0.0000, 0.0000, 0.0000, 0.0000, 0.0000, 0.0000, 0.0000, 0.0000, 0.0000, 0.9643, 0.0000, 0.0000, 0.2445, 0.0883, 0.0365, 0.0343
        FCU       : 0.0000, 0.0000, 0.0000, 0.0000, 0.0000, 0.0000, 0.0742, 0.0000, 0.0262, 0.0230, 0.0072, 0.8519, 0.0141, 0.0000, 0.3250, 0.3500, 0.1425, 0.1375
        ECU       : 0.0000, 0.0000, 0.0000, 0.0000, 0.0000, 0.0000, 0.1568, 0.0000, 0.1796, 0.0567, 0.0116, 0.9158, 0.0134, 0.0368, 0.2575, 0.1689, 0.0679, 0.0078
        FDS2      : 0.0000, 0.0000, 0.0000, 0.0000, 0.0000, 0.0000, 0.0000, 0.0000, 0.0000, 0.0000, 0.0000, 0.9081, 0.0000, 0.0000, 0.2437, 0.2925, 0.1673, 0.0488
        FDS5      : 0.0000, 0.0000, 0.0000, 0.0000, 0.0000, 0.0000, 0.0000, 0.0000, 0.0000, 0.0000, 0.0000, 0.9861, 0.0000, 0.0000, 0.0974, 0.1126, 0.0709, 0.0197
        FDS4      : 0.0000, 0.0000, 0.0000, 0.0000, 0.0000, 0.0000, 0.0000, 0.0000, 0.0000, 0.0000, 0.0000, 0.9642, 0.0000, 0.0000, 0.1437, 0.1975, 0.1020, 0.0157
        FDS3      : 0.0000, 0.0000, 0.0000, 0.0000, 0.0000, 0.0000, 0.0000, 0.0000, 0.0000, 0.0000, 0.0000, 0.9960, 0.0000, 0.0000, 0.0592, 0.0598, 0.0293, 0.0066
        EIND      : 0.0000, 0.0000, 0.0000, 0.0000, 0.0000, 0.0000, 0.0000, 0.0000, 0.0000, 0.0000, 0.0000, 0.9837, 0.0000, 0.0000, 0.0513, 0.1502, 0.0833, 0.0171
        ED3       : 0.0000, 0.0000, 0.0000, 0.0000, 0.0000, 0.0000, 0.0000, 0.0000, 0.0000, 0.0000, 0.0000, 0.9008, 0.0000, 0.0000, 0.3268, 0.2607, 0.1153, 0.0223
        ED5       : 0.0000, 0.0000, 0.0000, 0.0000, 0.0000, 0.0000, 0.0000, 0.0000, 0.0000, 0.0000, 0.0000, 0.9828, 0.0000, 0.0000, 0.1563, 0.0854, 0.0454, 0.0169
        FDP3      : 0.0000, 0.0000, 0.0000, 0.0000, 0.0000, 0.0000, 0.0000, 0.0000, 0.0000, 0.0000, 0.0000, 0.9758, 0.0000, 0.0000, 0.0884, 0.1469, 0.1309, 0.0361
        FDP4      : 0.0000, 0.0000, 0.0000, 0.0000, 0.0000, 0.0000, 0.0000, 0.0000, 0.0000, 0.0000, 0.0000, 0.9647, 0.0000, 0.0000, 0.1073, 0.1820, 0.1518, 0.0401
        FDP5      : 0.0000, 0.0000, 0.0000, 0.0000, 0.0000, 0.0000, 0.0000, 0.0000, 0.0000, 0.0000, 0.0000, 0.9338, 0.0000, 0.0000, 0.1994, 0.2474, 0.1589, 0.0424
        FDP2      : 0.0000, 0.0000, 0.0000, 0.0000, 0.0000, 0.0000, 0.0000, 0.0000, 0.0000, 0.0000, 0.0000, 0.9833, 0.0000, 0.0000, 0.1179, 0.1264, 0.0553, 0.0101
        ED4       : 0.0000, 0.0000, 0.0000, 0.0000, 0.0000, 0.0000, 0.0000, 0.0000, 0.0000, 0.0000, 0.0000, 0.9765, 0.0000, 0.0000, 0.1358, 0.1493, 0.0731, 0.0180
        ED2       : 0.0000, 0.0000, 0.0000, 0.0000, 0.0000, 0.0000, 0.0000, 0.0000, 0.0000, 0.0000, 0.0000, 0.9737, 0.0000, 0.0000, 0.0873, 0.1835, 0.1008, 0.0203
        EDM       : 0.0000, 0.0000, 0.0000, 0.0000, 0.0000, 0.0000, 0.0000, 0.0000, 0.0000, 0.0000, 0.0000, 0.9436, 0.0000, 0.0000, 0.1631, 0.2140, 0.1866, 0.0489
        Generated proximity matrix:
0.0000 67.5000 60.0000 56.6667 52.7273 52.7273 61.8182 67.6923 98.2759 98.3051 98.3051 98.3051 98.3051 98.4615 98.4615 98.4615 98.4615 98.6111 98.6486 98.5714 98.5714 98.5714 98.5714 98.6667 98.6667 98.6667 98.6667 98.6667 98.6667 98.6667 98.6667 98.6667 98.7342
67.5000 0.0000 29.4118 39.2157 49.0196 49.0196 58.8235 39.2157 92.1569 90.1961 90.1961 90.1961 90.1961 78.4314 78.4314 78.4314 78.4314 83.0508 83.6066 90.1639 90.1639 90.1639 90.1639 90.9091 90.9091 90.9091 90.9091 90.9091 90.9091 90.9091 90.9091 90.9091 91.4286
60.0000 29.4118 0.0000 13.8889 27.7778 27.7778 41.6667 36.5854 97.4359 97.5000 97.5000 97.5000 97.5000 85.3659 85.3659 85.3659 85.3659 87.5000 90.1961 86.9565 86.9565 86.9565 86.9565 88.2353 88.2353 88.2353 88.2353 88.2353 88.2353 88.2353 88.2353 88.2353 89.0909
56.6667 39.2157 13.8889 0.0000 16.1290 16.1290 32.2581 27.7778 97.0588 97.1429 97.1429 97.1429 97.1429 83.3333 83.3333 83.3333 83.3333 86.0465 89.1304 85.3659 85.3659 85.3659 85.3659 86.9565 86.9565 86.9565 86.9565 86.9565 86.9565 86.9565 86.9565 86.9565 88.0000
52.7273 49.0196 27.7778 16.1290 0.0000 0.0000 19.2308 41.6667 96.5517 96.6667 96.6667 96.6667 96.6667 97.2222 97.2222 97.2222 97.2222 97.6744 97.7778 97.5610 97.5610 97.5610 97.5610 97.8261 97.8261 97.8261 97.8261 97.8261 97.8261 97.8261 97.8261 97.8261 98.0000
52.7273 49.0196 27.7778 16.1290 0.0000 0.0000 19.2308 41.6667 96.5517 96.6667 96.6667 96.6667 96.6667 97.2222 97.2222 97.2222 97.2222 97.6744 97.7778 97.5610 97.5610 97.5610 97.5610 97.8261 97.8261 97.8261 97.8261 97.8261 97.8261 97.8261 97.8261 97.8261 98.0000
61.8182 58.8235 41.6667 32.2581 19.2308 19.2308 0.0000 32.2581 95.8333 96.0000 96.0000 96.0000 96.0000 96.7742 96.7742 96.7742 96.7742 97.3684 97.5000 97.2222 97.2222 97.2222 97.2222 97.5610 97.5610 97.5610 97.5610 97.5610 97.5610 97.5610 97.5610 97.5610 97.7778
67.6923 39.2157 36.5854 27.7778 41.6667 41.6667 32.2581 0.0000 87.0968 83.8710 83.8710 83.8710 83.8710 64.5161 64.5161 64.5161 64.5161 74.3590 75.6098 85.3659 85.3659 85.3659 85.3659 86.9565 86.9565 86.9565 86.9565 86.9565 86.9565 86.9565 86.9565 86.9565 88.0000
98.2759 92.1569 97.4359 97.0588 96.5517 96.5517 95.8333 87.0968 0.0000 20.0000 20.0000 20.0000 20.0000 63.6364 63.6364 63.6364 63.6364 77.7778 80.0000 94.7368 94.7368 94.7368 94.7368 95.8333 95.8333 95.8333 95.8333 95.8333 95.8333 95.8333 95.8333 95.8333 96.4286
98.3051 90.1961 97.5000 97.1429 96.6667 96.6667 96.0000 83.8710 20.0000 0.0000 0.0000 0.0000 0.0000 54.5455 54.5455 54.5455 54.5455 72.2222 75.0000 95.0000 95.0000 95.0000 95.0000 96.0000 96.0000 96.0000 96.0000 96.0000 96.0000 96.0000 96.0000 96.0000 96.5517
98.3051 90.1961 97.5000 97.1429 96.6667 96.6667 96.0000 83.8710 20.0000 0.0000 0.0000 0.0000 0.0000 54.5455 54.5455 54.5455 54.5455 72.2222 75.0000 95.0000 95.0000 95.0000 95.0000 96.0000 96.0000 96.0000 96.0000 96.0000 96.0000 96.0000 96.0000 96.0000 96.5517
98.3051 90.1961 97.5000 97.1429 96.6667 96.6667 96.0000 83.8710 20.0000 0.0000 0.0000 0.0000 0.0000 54.5455 54.5455 54.5455 54.5455 72.2222 75.0000 95.0000 95.0000 95.0000 95.0000 96.0000 96.0000 96.0000 96.0000 96.0000 96.0000 96.0000 96.0000 96.0000 96.5517
98.3051 90.1961 97.5000 97.1429 96.6667 96.6667 96.0000 83.8710 20.0000 0.0000 0.0000 0.0000 0.0000 54.5455 54.5455 54.5455 54.5455 72.2222 75.0000 95.0000 95.0000 95.0000 95.0000 96.0000 96.0000 96.0000 96.0000 96.0000 96.0000 96.0000 96.0000 96.0000 96.5517
98.4615 78.4314 85.3659 83.3333 97.2222 97.2222 96.7742 64.5161 63.6364 54.5455 54.5455 54.5455 54.5455 0.0000 0.0000 0.0000 0.0000 47.3684 52.3810 71.4286 71.4286 71.4286 71.4286 76.9231 76.9231 76.9231 76.9231 76.9231 76.9231 76.9231 76.9231 76.9231 80.0000
98.4615 78.4314 85.3659 83.3333 97.2222 97.2222 96.7742 64.5161 63.6364 54.5455 54.5455 54.5455 54.5455 0.0000 0.0000 0.0000 0.0000 47.3684 52.3810 71.4286 71.4286 71.4286 71.4286 76.9231 76.9231 76.9231 76.9231 76.9231 76.9231 76.9231 76.9231 76.9231 80.0000
98.4615 78.4314 85.3659 83.3333 97.2222 97.2222 96.7742 64.5161 63.6364 54.5455 54.5455 54.5455 54.5455 0.0000 0.0000 0.0000 0.0000 47.3684 52.3810 71.4286 71.4286 71.4286 71.4286 76.9231 76.9231 76.9231 76.9231 76.9231 76.9231 76.9231 76.9231 76.9231 80.0000
98.4615 78.4314 85.3659 83.3333 97.2222 97.2222 96.7742 64.5161 63.6364 54.5455 54.5455 54.5455 54.5455 0.0000 0.0000 0.0000 0.0000 47.3684 52.3810 71.4286 71.4286 71.4286 71.4286 76.9231 76.9231 76.9231 76.9231 76.9231 76.9231 76.9231 76.9231 76.9231 80.0000
98.6111 83.0508 87.5000 86.0465 97.6744 97.6744 97.3684 74.3590 77.7778 72.2222 72.2222 72.2222 72.2222 47.3684 47.3684 47.3684 47.3684 0.0000 19.0476 78.5714 78.5714 78.5714 78.5714 81.8182 81.8182 81.8182 81.8182 81.8182 81.8182 81.8182 81.8182 81.8182 83.7838
98.6486 83.6066 90.1961 89.1304 97.7778 97.7778 97.5000 75.6098 80.0000 75.0000 75.0000 75.0000 75.0000 52.3810 52.3810 52.3810 52.3810 19.0476 0.0000 83.8710 83.8710 83.8710 83.8710 86.1111 86.1111 86.1111 86.1111 86.1111 86.1111 86.1111 86.1111 86.1111 87.5000
98.5714 90.1639 86.9565 85.3659 97.5610 97.5610 97.2222 85.3659 94.7368 95.0000 95.0000 95.0000 95.0000 71.4286 71.4286 71.4286 71.4286 78.5714 83.8710 0.0000 0.0000 0.0000 0.0000 23.8095 23.8095 23.8095 23.8095 23.8095 23.8095 23.8095 23.8095 23.8095 36.0000
98.5714 90.1639 86.9565 85.3659 97.5610 97.5610 97.2222 85.3659 94.7368 95.0000 95.0000 95.0000 95.0000 71.4286 71.4286 71.4286 71.4286 78.5714 83.8710 0.0000 0.0000 0.0000 0.0000 23.8095 23.8095 23.8095 23.8095 23.8095 23.8095 23.8095 23.8095 23.8095 36.0000
98.5714 90.1639 86.9565 85.3659 97.5610 97.5610 97.2222 85.3659 94.7368 95.0000 95.0000 95.0000 95.0000 71.4286 71.4286 71.4286 71.4286 78.5714 83.8710 0.0000 0.0000 0.0000 0.0000 23.8095 23.8095 23.8095 23.8095 23.8095 23.8095 23.8095 23.8095 23.8095 36.0000
98.5714 90.1639 86.9565 85.3659 97.5610 97.5610 97.2222 85.3659 94.7368 95.0000 95.0000 95.0000 95.0000 71.4286 71.4286 71.4286 71.4286 78.5714 83.8710 0.0000 0.0000 0.0000 0.0000 23.8095 23.8095 23.8095 23.8095 23.8095 23.8095 23.8095 23.8095 23.8095 36.0000
98.6667 90.9091 88.2353 86.9565 97.8261 97.8261 97.5610 86.9565 95.8333 96.0000 96.0000 96.0000 96.0000 76.9231 76.9231 76.9231 76.9231 81.8182 86.1111 23.8095 23.8095 23.8095 23.8095 0.0000 0.0000 0.0000 0.0000 0.0000 0.0000 0.0000 0.0000 0.0000 16.0000
98.6667 90.9091 88.2353 86.9565 97.8261 97.8261 97.5610 86.9565 95.8333 96.0000 96.0000 96.0000 96.0000 76.9231 76.9231 76.9231 76.9231 81.8182 86.1111 23.8095 23.8095 23.8095 23.8095 0.0000 0.0000 0.0000 0.0000 0.0000 0.0000 0.0000 0.0000 0.0000 16.0000
98.6667 90.9091 88.2353 86.9565 97.8261 97.8261 97.5610 86.9565 95.8333 96.0000 96.0000 96.0000 96.0000 76.9231 76.9231 76.9231 76.9231 81.8182 86.1111 23.8095 23.8095 23.8095 23.8095 0.0000 0.0000 0.0000 0.0000 0.0000 0.0000 0.0000 0.0000 0.0000 16.0000
98.6667 90.9091 88.2353 86.9565 97.8261 97.8261 97.5610 86.9565 95.8333 96.0000 96.0000 96.0000 96.0000 76.9231 76.9231 76.9231 76.9231 81.8182 86.1111 23.8095 23.8095 23.8095 23.8095 0.0000 0.0000 0.0000 0.0000 0.0000 0.0000 0.0000 0.0000 0.0000 16.0000
98.6667 90.9091 88.2353 86.9565 97.8261 97.8261 97.5610 86.9565 95.8333 96.0000 96.0000 96.0000 96.0000 76.9231 76.9231 76.9231 76.9231 81.8182 86.1111 23.8095 23.8095 23.8095 23.8095 0.0000 0.0000 0.0000 0.0000 0.0000 0.0000 0.0000 0.0000 0.0000 16.0000
98.6667 90.9091 88.2353 86.9565 97.8261 97.8261 97.5610 86.9565 95.8333 96.0000 96.0000 96.0000 96.0000 76.9231 76.9231 76.9231 76.9231 81.8182 86.1111 23.8095 23.8095 23.8095 23.8095 0.0000 0.0000 0.0000 0.0000 0.0000 0.0000 0.0000 0.0000 0.0000 16.0000
98.6667 90.9091 88.2353 86.9565 97.8261 97.8261 97.5610 86.9565 95.8333 96.0000 96.0000 96.0000 96.0000 76.9231 76.9231 76.9231 76.9231 81.8182 86.1111 23.8095 23.8095 23.8095 23.8095 0.0000 0.0000 0.0000 0.0000 0.0000 0.0000 0.0000 0.0000 0.0000 16.0000
98.6667 90.9091 88.2353 86.9565 97.8261 97.8261 97.5610 86.9565 95.8333 96.0000 96.0000 96.0000 96.0000 76.9231 76.9231 76.9231 76.9231 81.8182 86.1111 23.8095 23.8095 23.8095 23.8095 0.0000 0.0000 0.0000 0.0000 0.0000 0.0000 0.0000 0.0000 0.0000 16.0000
98.6667 90.9091 88.2353 86.9565 97.8261 97.8261 97.5610 86.9565 95.8333 96.0000 96.0000 96.0000 96.0000 76.9231 76.9231 76.9231 76.9231 81.8182 86.1111 23.8095 23.8095 23.8095 23.8095 0.0000 0.0000 0.0000 0.0000 0.0000 0.0000 0.0000 0.0000 0.0000 16.0000
98.7342 91.4286 89.0909 88.0000 98.0000 98.0000 97.7778 88.0000 96.4286 96.5517 96.5517 96.5517 96.5517 80.0000 80.0000 80.0000 80.0000 83.7838 87.5000 36.0000 36.0000 36.0000 36.0000 16.0000 16.0000 16.0000 16.0000 16.0000 16.0000 16.0000 16.0000 16.0000 0.0000
Dendrogram generation and clustering...
        ~~~~REPORT~~~~
Linkage using average:
Cluster 33 contains  4 and  5 clusters. Height of link:   0.000000, std   0.000000, contains  2 elements. Inconsistency numlinks  1, coefficient   0.000000
Cluster 34 contains 13 and 14 clusters. Height of link:   0.000000, std   0.000000, contains  2 elements. Inconsistency numlinks  1, coefficient   0.000000
Cluster 35 contains 34 and 15 clusters. Height of link:   0.000000, std   0.000000, contains  3 elements. Inconsistency numlinks  2, coefficient   0.000000
Cluster 36 contains 16 and 35 clusters. Height of link:   0.000000, std   0.000000, contains  4 elements. Inconsistency numlinks  2, coefficient   0.000000
Cluster 37 contains 10 and  9 clusters. Height of link:   0.000000, std   0.000000, contains  2 elements. Inconsistency numlinks  1, coefficient   0.000000
Cluster 38 contains 11 and 37 clusters. Height of link:   0.000000, std   0.000000, contains  3 elements. Inconsistency numlinks  2, coefficient   0.000000
Cluster 39 contains 38 and 12 clusters. Height of link:   0.000000, std   0.000000, contains  4 elements. Inconsistency numlinks  2, coefficient   0.000000
Cluster 40 contains 19 and 20 clusters. Height of link:   0.000000, std   0.000000, contains  2 elements. Inconsistency numlinks  1, coefficient   0.000000
Cluster 41 contains 40 and 21 clusters. Height of link:   0.000000, std   0.000000, contains  3 elements. Inconsistency numlinks  2, coefficient   0.000000
Cluster 42 contains 22 and 41 clusters. Height of link:   0.000000, std   0.000000, contains  4 elements. Inconsistency numlinks  2, coefficient   0.000000
Cluster 43 contains 24 and 23 clusters. Height of link:   0.000000, std   0.000000, contains  2 elements. Inconsistency numlinks  1, coefficient   0.000000
Cluster 44 contains 25 and 43 clusters. Height of link:   0.000000, std   0.000000, contains  3 elements. Inconsistency numlinks  2, coefficient   0.000000
Cluster 45 contains 44 and 26 clusters. Height of link:   0.000000, std   0.000000, contains  4 elements. Inconsistency numlinks  2, coefficient   0.000000
Cluster 46 contains 27 and 45 clusters. Height of link:   0.000000, std   0.000000, contains  5 elements. Inconsistency numlinks  2, coefficient   0.000000
Cluster 47 contains 46 and 28 clusters. Height of link:   0.000000, std   0.000000, contains  6 elements. Inconsistency numlinks  2, coefficient   0.000000
Cluster 48 contains 29 and 47 clusters. Height of link:   0.000000, std   0.000000, contains  7 elements. Inconsistency numlinks  2, coefficient   0.000000
Cluster 49 contains 48 and 30 clusters. Height of link:   0.000000, std   0.000000, contains  8 elements. Inconsistency numlinks  2, coefficient   0.000000
Cluster 50 contains 31 and 49 clusters. Height of link:   0.000000, std   0.000000, contains  9 elements. Inconsistency numlinks  2, coefficient   0.000000
Cluster 51 contains  2 and  3 clusters. Height of link:  13.888889, std   0.000000, contains  2 elements. Inconsistency numlinks  1, coefficient   0.000000
Cluster 52 contains 50 and 32 clusters. Height of link:  16.000000, std  11.313708, contains 10 elements. Inconsistency numlinks  2, coefficient   0.707107
Cluster 53 contains 17 and 18 clusters. Height of link:  19.047619, std   0.000000, contains  2 elements. Inconsistency numlinks  1, coefficient   0.000000
Cluster 54 contains 33 and  6 clusters. Height of link:  19.230769, std  13.598207, contains  3 elements. Inconsistency numlinks  2, coefficient   0.707107
Cluster 55 contains  8 and 39 clusters. Height of link:  20.000000, std  14.142136, contains  5 elements. Inconsistency numlinks  2, coefficient   0.707107
Cluster 56 contains 42 and 52 clusters. Height of link:  25.028571, std  12.675071, contains 14 elements. Inconsistency numlinks  3, coefficient   0.895646
Cluster 57 contains 51 and 54 clusters. Height of link:  26.956392, std   6.569888, contains  5 elements. Inconsistency numlinks  3, coefficient   1.054971
Cluster 58 contains 57 and  7 clusters. Height of link:  35.990908, std   6.388368, contains  6 elements. Inconsistency numlinks  2, coefficient   0.707107
Cluster 59 contains  1 and 58 clusters. Height of link:  44.117647, std   5.746472, contains  7 elements. Inconsistency numlinks  2, coefficient   0.707107
Cluster 60 contains 36 and 53 clusters. Height of link:  49.874687, std  25.168116, contains  6 elements. Inconsistency numlinks  3, coefficient   1.068836
Cluster 61 contains  0 and 59 clusters. Height of link:  59.875957, std  11.142808, contains  8 elements. Inconsistency numlinks  2, coefficient   0.707107
Cluster 62 contains 55 and 60 clusters. Height of link:  62.464646, std  21.810740, contains 11 elements. Inconsistency numlinks  3, coefficient   0.841399
Cluster 63 contains 62 and 56 clusters. Height of link:  86.133687, std  30.809950, contains 25 elements. Inconsistency numlinks  3, coefficient   0.917173
Cluster 64 contains 61 and 63 clusters. Height of link:  92.263656, std  17.204689, contains 33 elements. Inconsistency numlinks  3, coefficient   0.746263
Mean inconsistency coefficient 0.305216530111, median 0.0, std 0.402437701821, disp 0.402437701821
Reduced tree has 13 clusters, varlen: 33:
[ 6  5  1  1  2  2  3  4  8  7  7  7  7  9  9  9  9 10 10 11 11 11 11 12
 12 12 12 12 12 12 12 12 13]
Grouped hierarchical incons clusters:
        Cluster 1 ['FPL', 'EPB']
        Cluster 2 ['FPB', 'APB']
        Cluster 3 ['OP']
        Cluster 4 ['APL']
        Cluster 5 ['EPL']
        Cluster 6 ['ADPT']
        Cluster 7 ['PT', 'BIC_SH', 'BIC_LO', 'PQ']
        Cluster 8 ['SUP']
        Cluster 9 ['PL', 'ECR_LO', 'ECR_BR', 'FCR']
        Cluster 10 ['FCU', 'ECU']
        Cluster 11 ['FDS2', 'FDS5', 'FDS4', 'FDS3']
        Cluster 12 ['EIND', 'ED3', 'ED5', 'FDP3', 'FDP4', 'FDP5', 'FDP2', 'ED4', 'ED2']
        Cluster 13 ['EDM']
Cophenetic correlation distance: 0.9760118447096242
The order of muscles (ids) in the dendrogram:
[33, 26, 29, 27, 28, 32, 31, 30, 3, 1, 2, 4, 5, 9, 11, 6, 7, 10, 8, 14, 15, 12, 13, 24, 19, 17, 21, 23, 25, 18, 16, 22, 20]
['ADPT', 'EPL', 'FPL', 'EPB', 'FPB', 'APB', 'OP', 'APL', 'SUP', 'BIC_LO', 'BIC_SH', 'PT', 'PQ', 'FCR', 'PL', 'ECR_LO', 'ECR_BR', 'FCU', 'ECU', 'FDS3', 'FDS2', 'FDS5', 'FDS4', 'ED2', 'FDP2', 'FDP4', 'ED5', 'ED3', 'EIND', 'FDP3', 'FDP5', 'ED4', 'EDM']
And reversed:
[20, 22, 16, 18, 25, 23, 21, 17, 19, 24, 13, 12, 15, 14, 8, 10, 7, 6, 11, 9, 5, 4, 2, 1, 3, 30, 31, 32, 28, 27, 29, 26, 33]
['EDM', 'ED4', 'FDP5', 'FDP3', 'EIND', 'ED3', 'ED5', 'FDP4', 'FDP2', 'ED2', 'FDS4', 'FDS5', 'FDS2', 'FDS3', 'ECU', 'FCU', 'ECR_BR', 'ECR_LO', 'PL', 'FCR', 'PQ', 'PT', 'BIC_SH', 'BIC_LO', 'SUP', 'APL', 'OP', 'APB', 'FPB', 'EPB', 'FPL', 'EPL', 'ADPT']
